NUM_RUNS: 500



VARS:
dyn.organs.params.Mlu {--} file_data ;
# above was gaussian( seed = 1 , sigma = 0.01 , mu = 5 , min = -5 , max = 5 )
dyn.organs.params.Mli {--} file_data ;
# above was gaussian( seed = 1 , sigma = 0.01 , mu = 28 , min = -5 , max = 5 )
dyn.organs.params.Vlu {--} file_data ;
# above was gaussian( seed = 2 , sigma = 0.1 , mu = 4.7 , min = -4.7 , max = 4.7 )
dyn.organs.params.Vli {--} file_data ;
# above was gaussian( seed = 2 , sigma = 0.1 , mu = 22.7 , min = -5 , max = 5 )
dyn.organs.params.Plu {--} file_data ;
# above was gaussian( seed = 1 , sigma = 0.01 , mu = 1.55 , min = -1 , max = 1 )
dyn.organs.params.Pli {--} file_data ;
# above was gaussian( seed = 1 , sigma = 0.01 , mu = 4.96 , min = -2 , max = 2 )

DATA:
      5.003063995        28.003064      4.569689429      22.56968943      1.553063995      4.963063995  # 00000
      4.995756137      27.99575614      4.764197992      22.76419799      1.545756137      4.955756137  # 00001
      4.997954533      27.99795453      4.634792562      22.63479256      1.547954533      4.957954533  # 00002
      4.995712624      27.99571262      4.523251506      22.52325151      1.545712624      4.955712624  # 00003
      5.013054721      28.01305472      4.608207124      22.60820712      1.563054721      4.973054721  # 00004
      5.006474765      28.00647477      4.765085665      22.76508567      1.556474765      4.966474765  # 00005
      5.011942347      28.01194235      4.609015209      22.60901521      1.561942347      4.971942347  # 00006
      4.982595262      27.98259526      4.685907393      22.68590739      1.532595262      4.942595262  # 00007
      5.002607102       28.0026071      4.778064361      22.77806436      1.552607102      4.962607102  # 00008
      4.997321742      27.99732174      4.815855909      22.81585591      1.547321742      4.957321742  # 00009
      4.996859637      27.99685964      4.896766139      22.89676614      1.546859637      4.956859637  # 00010
      5.000336551      28.00033655      4.699559039      22.69955904      1.550336551      4.960336551  # 00011
      5.006147857      28.00614786      4.960569266      22.96056927      1.556147857      4.966147857  # 00012
      4.988082768      27.98808277      4.758565793      22.75856579      1.538082768      4.948082768  # 00013
      4.980066539      27.98006654      4.630318233      22.63031823      1.530066539      4.940066539  # 00014
      5.006015226      28.00601523       4.71502693      22.71502693      1.556015226      4.966015226  # 00015
      5.006394073      28.00639407      4.441008693      22.44100869      1.556394073      4.966394073  # 00016
       4.99396908      27.99396908      4.668336026      22.66833603       1.54396908       4.95396908  # 00017
      5.001832742      28.00183274      4.510204621      22.51020462      1.551832742      4.961832742  # 00018
      5.003553292      28.00355329      4.684037172      22.68403717      1.553553292      4.963553292  # 00019
      5.001982646      28.00198265      4.602254143      22.60225414      1.551982646      4.961982646  # 00020
      5.017928384      28.01792838      4.698341189      22.69834119      1.567928384      4.977928384  # 00021
      4.999000724      27.99900072      4.835512577      22.83551258      1.549000724      4.959000724  # 00022
      4.985988334      27.98598833      4.629138179      22.62913818      1.535988334      4.945988334  # 00023
      4.988911968      27.98891197      4.725253304       22.7252533      1.538911968      4.948911968  # 00024
      4.991726801       27.9917268      4.739303009      22.73930301      1.541726801      4.951726801  # 00025
      5.010406364      28.01040636      4.597562046      22.59756205      1.560406364      4.970406364  # 00026
      4.996929654      27.99692965      4.478492297       22.4784923      1.546929654      4.956929654  # 00027
      5.006781735      28.00678174      4.685063469      22.68506347      1.556781735      4.966781735  # 00028
      4.991568293      27.99156829      4.838294144      22.83829414      1.541568293      4.951568293  # 00029
       4.99575427      27.99575427      4.845697341      22.84569734       1.54575427       4.95575427  # 00030
      4.993496312      27.99349631      4.911547586      22.91154759      1.543496312      4.953496312  # 00031
      4.985224432      27.98522443      4.850947504       22.8509475      1.535224432      4.945224432  # 00032
      5.005587635      28.00558763      4.601855537      22.60185554      1.555587635      4.965587635  # 00033
       4.99351898      27.99351898      4.676951648      22.67695165       1.54351898       4.95351898  # 00034
      5.000731344      28.00073134      4.779547607      22.77954761      1.550731344      4.960731344  # 00035
      5.005735805      28.00573581        4.7011103       22.7011103      1.555735805      4.965735805  # 00036
      4.990963528      27.99096353      4.548988022      22.54898802      1.540963528      4.950963528  # 00037
      5.026508051      28.02650805      4.571150798       22.5711508      1.576508051      4.986508051  # 00038
      5.000932932      28.00093293       4.53978689      22.53978689      1.550932932      4.960932932  # 00039
      5.019133487      28.01913349      4.831199841      22.83119984      1.569133487      4.979133487  # 00040
      4.984633662      27.98463366      4.503719911      22.50371991      1.534633662      4.944633662  # 00041
       4.98984064      27.98984064      4.682324986      22.68232499       1.53984064       4.94984064  # 00042
      5.000795983      28.00079598      4.525233538      22.52523354      1.550795983      4.960795983  # 00043
      5.005813674      28.00581367      4.833586454      22.83358645      1.555813674      4.965813674  # 00044
       4.99930667      27.99930667      4.810603507      22.81060351       1.54930667       4.95930667  # 00045
      5.011024138      28.01102414      4.705124924      22.70512492      1.561024138      4.971024138  # 00046
      4.993953713      27.99395371      4.561986856      22.56198686      1.543953713      4.953953713  # 00047
      4.991187158      27.99118716       4.65796651      22.65796651      1.541187158      4.951187158  # 00048
      5.014612246      28.01461225      4.700315203       22.7003152      1.564612246      4.974612246  # 00049
      5.009584061      28.00958406      4.763478552      22.76347855      1.559584061      4.969584061  # 00050
       5.00092109      28.00092109      4.857956555      22.85795656       1.55092109       4.96092109  # 00051
      4.998414959      27.99841496      4.688636422      22.68863642      1.548414959      4.958414959  # 00052
      4.995245305      27.99524531      4.638974886      22.63897489      1.545245305      4.955245305  # 00053
      5.008669922      28.00866992      4.499006912      22.49900691      1.558669922      4.968669922  # 00054
      5.004593352      28.00459335      4.825959727      22.82595973      1.554593352      4.964593352  # 00055
       4.99798465      27.99798465      4.782588938      22.78258894       1.54798465       4.95798465  # 00056
      5.008829711      28.00882971      4.802499875      22.80249988      1.558829711      4.968829711  # 00057
      5.007195048      28.00719505      4.758084492      22.75808449      1.557195048      4.967195048  # 00058
      4.993704162      27.99370416      4.748616398       22.7486164      1.543704162      4.953704162  # 00059
      5.003508038      28.00350804      4.551971879      22.55197188      1.553508038      4.963508038  # 00060
      5.014976313      28.01497631      4.843630875      22.84363087      1.564976313      4.974976313  # 00061
      4.992582858      27.99258286      4.639405225      22.63940523      1.542582858      4.952582858  # 00062
      5.012254854      28.01225485      4.619089261      22.61908926      1.562254854      4.972254854  # 00063
      4.991721313      27.99172131      4.798779185      22.79877919      1.541721313      4.951721313  # 00064
      5.002690719      28.00269072      4.693787093      22.69378709      1.552690719      4.962690719  # 00065
      5.009894229      28.00989423      4.704194333      22.70419433      1.559894229      4.969894229  # 00066
      4.999755346      27.99975535      4.835996119      22.83599612      1.549755346      4.959755346  # 00067
       4.99332437      27.99332437      4.786616347      22.78661635       1.54332437       4.95332437  # 00068
      5.002390504       28.0023905      4.821431064      22.82143106      1.552390504      4.962390504  # 00069
          4.97944         27.97944      4.595146084      22.59514608          1.52944          4.93944  # 00070
      5.006476737      28.00647674      4.910007741      22.91000774      1.556476737      4.966476737  # 00071
      4.982625782      27.98262578      4.696684189      22.69668419      1.532625782      4.942625782  # 00072
      5.007694467      28.00769447      4.673157416      22.67315742      1.557694467      4.967694467  # 00073
      5.001862456      28.00186246       4.70931675      22.70931675      1.551862456      4.961862456  # 00074
      4.982623983      27.98262398       4.71195875      22.71195875      1.532623983      4.942623983  # 00075
      4.989429922      27.98942992      4.809439458      22.80943946      1.539429922      4.949429922  # 00076
      5.008118922      28.00811892      4.632565622      22.63256562      1.558118922      4.968118922  # 00077
      4.997422125      27.99742213      4.798259265      22.79825926      1.547422125      4.957422125  # 00078
      5.003438271      28.00343827      4.812044851      22.81204485      1.553438271      4.963438271  # 00079
      4.995525661      27.99552566      4.812856275      22.81285627      1.545525661      4.955525661  # 00080
      5.001782831      28.00178283      4.712467001        22.712467      1.551782831      4.961782831  # 00081
      4.994027063      27.99402706      4.738676517      22.73867652      1.544027063      4.954027063  # 00082
      5.005002335      28.00500234      4.692971226      22.69297123      1.555002335      4.965002335  # 00083
      4.998916136      27.99891614      4.677810098       22.6778101      1.548916136      4.958916136  # 00084
      5.004095656      28.00409566      4.758431513      22.75843151      1.554095656      4.964095656  # 00085
      4.996584517      27.99658452      4.682351142      22.68235114      1.546584517      4.956584517  # 00086
      5.000528645      28.00052865      4.484716815      22.48471681      1.550528645      4.960528645  # 00087
      4.992348057      27.99234806      4.631986879      22.63198688      1.542348057      4.952348057  # 00088
      5.001643798       28.0016438      4.831182389      22.83118239      1.551643798      4.961643798  # 00089
       4.99929687      27.99929687       4.77075511      22.77075511       1.54929687       4.95929687  # 00090
      4.999437043      27.99943704      4.749329863      22.74932986      1.549437043      4.959437043  # 00091
      5.000100209      28.00010021      4.735194354      22.73519435      1.550100209      4.960100209  # 00092
      4.995945971      27.99594597      4.783327135      22.78332713      1.545945971      4.955945971  # 00093
      4.995699899       27.9956999      4.653785582      22.65378558      1.545699899      4.955699899  # 00094
      4.984510886      27.98451089      4.754631855      22.75463185      1.534510886      4.944510886  # 00095
      5.004888728      28.00488873       4.78232034      22.78232034      1.554888728      4.964888728  # 00096
      4.995082692      27.99508269      4.737404111      22.73740411      1.545082692      4.955082692  # 00097
      4.996689055      27.99668905      4.794631555      22.79463156      1.546689055      4.956689055  # 00098
      4.995212422      27.99521242      4.497662753      22.49766275      1.545212422      4.955212422  # 00099
      5.015536004        28.015536      4.479186285      22.47918628      1.565536004      4.975536004  # 00100
       4.99924804      27.99924804      4.593182536      22.59318254       1.54924804       4.95924804  # 00101
      4.979830085      27.97983009      4.684400047      22.68440005      1.529830085      4.939830085  # 00102
      4.993621953      27.99362195      4.611986805       22.6119868      1.543621953      4.953621953  # 00103
      5.007711916      28.00771192      4.624367839      22.62436784      1.557711916      4.967711916  # 00104
      5.004495194      28.00449519      4.613104618      22.61310462      1.554495194      4.964495194  # 00105
      4.987463295      27.98746329      4.706495322      22.70649532      1.537463295      4.947463295  # 00106
      5.003989558      28.00398956       4.79222507      22.79222507      1.553989558      4.963989558  # 00107
      4.995431082      27.99543108      4.715521354      22.71552135      1.545431082      4.955431082  # 00108
      4.979472469      27.97947247      4.600198488      22.60019849      1.529472469      4.939472469  # 00109
       4.99643967      27.99643967      4.654304216      22.65430422       1.54643967       4.95643967  # 00110
      5.002151812      28.00215181      4.807303463      22.80730346      1.552151812      4.962151812  # 00111
      5.005618714      28.00561871      4.651929392      22.65192939      1.555618714      4.965618714  # 00112
      5.019614025      28.01961403      4.700769078      22.70076908      1.569614025      4.979614025  # 00113
      4.998032898       27.9980329      4.628628377      22.62862838      1.548032898      4.958032898  # 00114
      4.999093942      27.99909394      4.597773863      22.59777386      1.549093942      4.959093942  # 00115
      4.983384249      27.98338425      4.654265768      22.65426577      1.533384249      4.943384249  # 00116
      4.993528766      27.99352877      4.770977068      22.77097707      1.543528766      4.953528766  # 00117
      4.993090215      27.99309021      4.821255566      22.82125557      1.543090215      4.953090215  # 00118
      4.981566395      27.98156639      4.635432404       22.6354324      1.531566395      4.941566395  # 00119
      5.004689108      28.00468911      4.725918229      22.72591823      1.554689108      4.964689108  # 00120
      4.992079803       27.9920798      4.577068408      22.57706841      1.542079803      4.952079803  # 00121
      4.985508567      27.98550857       4.78138601      22.78138601      1.535508567      4.945508567  # 00122
      5.001634424      28.00163442       4.68741903      22.68741903      1.551634424      4.961634424  # 00123
      5.004676261      28.00467626      4.675671095       22.6756711      1.554676261      4.964676261  # 00124
      5.013620364      28.01362036      4.641818659      22.64181866      1.563620364      4.973620364  # 00125
      5.013972975      28.01397298      4.663016237      22.66301624      1.563972975      4.973972975  # 00126
      4.985357554      27.98535755      4.589682703       22.5896827      1.535357554      4.945357554  # 00127
      5.003419953      28.00341995      4.768260836      22.76826084      1.553419953      4.963419953  # 00128
      4.988951735      27.98895174      4.691686494      22.69168649      1.538951735      4.948951735  # 00129
      5.001746316      28.00174632      4.493039308      22.49303931      1.551746316      4.961746316  # 00130
       4.98541865      27.98541865      4.736072466      22.73607247       1.53541865       4.94541865  # 00131
      5.003172503       28.0031725      4.646117697       22.6461177      1.553172503      4.963172503  # 00132
      4.995508225      27.99550823      4.862331774      22.86233177      1.545508225      4.955508225  # 00133
       4.99378725      27.99378725      4.864378359      22.86437836       1.54378725       4.95378725  # 00134
      4.987625021      27.98762502      4.498975898       22.4989759      1.537625021      4.947625021  # 00135
      4.993473081      27.99347308      4.660440758      22.66044076      1.543473081      4.953473081  # 00136
      4.998891043      27.99889104      4.591860211      22.59186021      1.548891043      4.958891043  # 00137
      4.993400111      27.99340011      4.641562778      22.64156278      1.543400111      4.953400111  # 00138
      4.998105766      27.99810577      4.820170571      22.82017057      1.548105766      4.958105766  # 00139
      4.995744947      27.99574495      4.822987627      22.82298763      1.545744947      4.955744947  # 00140
      4.996164854      27.99616485      4.902092423      22.90209242      1.546164854      4.956164854  # 00141
      5.010301383      28.01030138      4.749277228      22.74927723      1.560301383      4.970301383  # 00142
      5.012362197       28.0123622      4.691331003        22.691331      1.562362197      4.972362197  # 00143
      5.001951371      28.00195137      4.760456966      22.76045697      1.551951371      4.961951371  # 00144
      4.991338517      27.99133852      4.653291014      22.65329101      1.541338517      4.951338517  # 00145
      5.001302893      28.00130289      4.865406194      22.86540619      1.551302893      4.961302893  # 00146
       5.00166763      28.00166763      4.679422189      22.67942219       1.55166763       4.96166763  # 00147
      5.007499499       28.0074995      4.706290417      22.70629042      1.557499499      4.967499499  # 00148
      5.001951831      28.00195183      4.672001642      22.67200164      1.551951831      4.961951831  # 00149
      4.999610695      27.99961069      4.795410576      22.79541058      1.549610695      4.959610695  # 00150
      5.007776928      28.00777693      4.856632325      22.85663233      1.557776928      4.967776928  # 00151
       5.01378699      28.01378699       4.72026782      22.72026782       1.56378699       4.97378699  # 00152
      4.998725153      27.99872515      4.847943921      22.84794392      1.548725153      4.958725153  # 00153
      4.986044524      27.98604452      4.688433481      22.68843348      1.536044524      4.946044524  # 00154
      5.006210372      28.00621037      4.776832861      22.77683286      1.556210372      4.966210372  # 00155
       4.98459522      27.98459522      4.459928098       22.4599281       1.53459522       4.94459522  # 00156
      4.987276475      27.98727647      4.754016389      22.75401639      1.537276475      4.947276475  # 00157
       4.99685342      27.99685342      4.767805858      22.76780586       1.54685342       4.95685342  # 00158
      4.980415229      27.98041523      4.518961795      22.51896179      1.530415229      4.940415229  # 00159
      4.997835434      27.99783543      4.845111495       22.8451115      1.547835434      4.957835434  # 00160
      5.015741203       28.0157412       4.68142558      22.68142558      1.565741203      4.975741203  # 00161
      4.995271632      27.99527163      4.807649744      22.80764974      1.545271632      4.955271632  # 00162
      5.004093802       28.0040938      4.745780311      22.74578031      1.554093802      4.964093802  # 00163
      4.996794806      27.99679481      4.721297192      22.72129719      1.546794806      4.956794806  # 00164
      4.999661148      27.99966115      4.682818921      22.68281892      1.549661148      4.959661148  # 00165
      4.994965682      27.99496568        4.7306118       22.7306118      1.544965682      4.954965682  # 00166
        4.9998048       27.9998048      4.677210636      22.67721064        1.5498048        4.9598048  # 00167
      5.000382533      28.00038253      4.644078795      22.64407879      1.550382533      4.960382533  # 00168
      5.001519407      28.00151941      4.687286096       22.6872861      1.551519407      4.961519407  # 00169
      4.987127527      27.98712753      4.664664153      22.66466415      1.537127527      4.947127527  # 00170
      4.998272696       27.9982727       4.74215658      22.74215658      1.548272696      4.958272696  # 00171
      5.009007298       28.0090073      4.569215702       22.5692157      1.559007298      4.969007298  # 00172
      4.996687064      27.99668706       4.59751208      22.59751208      1.546687064      4.956687064  # 00173
      4.976564048      27.97656405      4.650520694      22.65052069      1.526564048      4.936564048  # 00174
      4.979590683      27.97959068      4.765365196       22.7653652      1.529590683      4.939590683  # 00175
      5.003474469      28.00347447      4.638643815      22.63864381      1.553474469      4.963474469  # 00176
      4.993293118      27.99329312      4.761910072      22.76191007      1.543293118      4.953293118  # 00177
      5.006480142      28.00648014      4.741616622      22.74161662      1.556480142      4.966480142  # 00178
      4.983602363      27.98360236       4.77124575      22.77124575      1.533602363      4.943602363  # 00179
      4.986288213      27.98628821       4.61617297      22.61617297      1.536288213      4.946288213  # 00180
      4.984357924      27.98435792      4.598966774      22.59896677      1.534357924      4.944357924  # 00181
      5.003369618      28.00336962      4.750584442      22.75058444      1.553369618      4.963369618  # 00182
      4.989151978      27.98915198      4.597554893      22.59755489      1.539151978      4.949151978  # 00183
       5.01288871      28.01288871      4.578318157      22.57831816       1.56288871       4.97288871  # 00184
      4.995082224      27.99508222      4.580738103       22.5807381      1.545082224      4.955082224  # 00185
      5.004196262      28.00419626      4.639390551      22.63939055      1.554196262      4.964196262  # 00186
      4.994812849      27.99481285      4.867072045      22.86707205      1.544812849      4.954812849  # 00187
      4.994116598       27.9941166      4.617880616      22.61788062      1.544116598      4.954116598  # 00188
      4.990761087      27.99076109      4.804437837      22.80443784      1.540761087      4.950761087  # 00189
      5.001450457      28.00145046      4.621125421      22.62112542      1.551450457      4.961450457  # 00190
      4.986169045      27.98616904      4.767352912      22.76735291      1.536169045      4.946169045  # 00191
      4.988941639      27.98894164      4.672630247      22.67263025      1.538941639      4.948941639  # 00192
      4.995214855      27.99521486      4.696217617      22.69621762      1.545214855      4.955214855  # 00193
       4.98182248      27.98182248      4.650469545      22.65046954       1.53182248       4.94182248  # 00194
      4.985307373      27.98530737      4.874320516      22.87432052      1.535307373      4.945307373  # 00195
      5.009965199       28.0099652       4.67208284      22.67208284      1.559965199      4.969965199  # 00196
       5.01678488      28.01678488      4.471871142      22.47187114       1.56678488       4.97678488  # 00197
      4.998001387      27.99800139      4.804258063      22.80425806      1.548001387      4.958001387  # 00198
      5.007641067      28.00764107      4.687947961      22.68794796      1.557641067      4.967641067  # 00199
      5.006011807      28.00601181      4.641878765      22.64187877      1.556011807      4.966011807  # 00200
      4.988390102       27.9883901      4.516224512      22.51622451      1.538390102      4.948390102  # 00201
      4.996143487      27.99614349      4.835554145      22.83555415      1.546143487      4.956143487  # 00202
      4.979205931      27.97920593      4.608605392      22.60860539      1.529205931      4.939205931  # 00203
      4.986357534      27.98635753      4.673084327      22.67308433      1.536357534      4.946357534  # 00204
        4.9965807       27.9965807      4.649092927      22.64909293        1.5465807        4.9565807  # 00205
      5.007681395      28.00768139      4.629648796       22.6296488      1.557681395      4.967681395  # 00206
      4.992131584      27.99213158       4.72610218      22.72610218      1.542131584      4.952131584  # 00207
      5.010256931      28.01025693      4.802497755      22.80249776      1.560256931      4.970256931  # 00208
      4.987817607      27.98781761      4.867989259      22.86798926      1.537817607      4.947817607  # 00209
      4.999341649      27.99934165      4.646855682      22.64685568      1.549341649      4.959341649  # 00210
      5.011776093      28.01177609      4.826320005      22.82632001      1.561776093      4.971776093  # 00211
      4.993617098       27.9936171      4.616128431      22.61612843      1.543617098      4.953617098  # 00212
      4.998109288      27.99810929      4.656968094      22.65696809      1.548109288      4.958109288  # 00213
      4.988377774      27.98837777      4.786963892      22.78696389      1.538377774      4.948377774  # 00214
      5.001397595       28.0013976      4.698276744      22.69827674      1.551397595      4.961397595  # 00215
      5.002272015      28.00227201      4.731771295       22.7317713      1.552272015      4.962272015  # 00216
      4.991547221      27.99154722        4.6366133       22.6366133      1.541547221      4.951547221  # 00217
      5.001321944      28.00132194      4.742688745      22.74268875      1.551321944      4.961321944  # 00218
      5.011383318      28.01138332      4.676964911      22.67696491      1.561383318      4.971383318  # 00219
      4.994677745      27.99467774      4.652753598       22.6527536      1.544677745      4.954677745  # 00220
      4.991926053      27.99192605      4.675544749      22.67554475      1.541926053      4.951926053  # 00221
       4.97233993      27.97233993       4.66814354      22.66814354       1.52233993       4.93233993  # 00222
      4.992838648      27.99283865      4.646803405      22.64680341      1.542838648      4.952838648  # 00223
      5.013575742      28.01357574        4.8757347       22.8757347      1.563575742      4.973575742  # 00224
      5.012260089      28.01226009      4.557221796       22.5572218      1.562260089      4.972260089  # 00225
      5.014768866      28.01476887      4.557283861      22.55728386      1.564768866      4.974768866  # 00226
      4.998964324      27.99896432      4.787368936      22.78736894      1.548964324      4.958964324  # 00227
      4.994247106      27.99424711      4.553098431      22.55309843      1.544247106      4.954247106  # 00228
      5.003060573      28.00306057      4.588364346      22.58836435      1.553060573      4.963060573  # 00229
      5.010872241      28.01087224      4.847918218      22.84791822      1.560872241      4.970872241  # 00230
       4.98696895      27.98696895      4.694080306      22.69408031       1.53696895       4.94696895  # 00231
      5.000815457      28.00081546      4.732762363      22.73276236      1.550815457      4.960815457  # 00232
      5.009137555      28.00913756      4.687968067      22.68796807      1.559137555      4.969137555  # 00233
      4.996587383      27.99658738       4.60533485      22.60533485      1.546587383      4.956587383  # 00234
      5.005466395       28.0054664      4.610791723      22.61079172      1.555466395      4.965466395  # 00235
        5.0114679       28.0114679      4.767798561      22.76779856        1.5614679        4.9714679  # 00236
      4.991934806      27.99193481      4.677942339      22.67794234      1.541934806      4.951934806  # 00237
      5.000814318      28.00081432      4.776310328      22.77631033      1.550814318      4.960814318  # 00238
      4.999290605       27.9992906      4.766446173      22.76644617      1.549290605      4.959290605  # 00239
      4.991755046      27.99175505      4.502025134      22.50202513      1.541755046      4.951755046  # 00240
      4.998529054      27.99852905      4.639324448      22.63932445      1.548529054      4.958529054  # 00241
      4.999106649      27.99910665      4.729848114      22.72984811      1.549106649      4.959106649  # 00242
       4.97903996      27.97903996      4.598143341      22.59814334       1.52903996       4.93903996  # 00243
      5.000274724      28.00027472      4.884961958      22.88496196      1.550274724      4.960274724  # 00244
      5.007944493      28.00794449      4.693465979      22.69346598      1.557944493      4.967944493  # 00245
      4.988522081      27.98852208      4.666570336      22.66657034      1.538522081      4.948522081  # 00246
      5.014404677      28.01440468      4.701957141      22.70195714      1.564404677      4.974404677  # 00247
      4.992546094      27.99254609      4.509098551      22.50909855      1.542546094      4.952546094  # 00248
      5.014701561      28.01470156       4.79186811      22.79186811      1.564701561      4.974701561  # 00249
      4.984980398       27.9849804      4.627144292      22.62714429      1.534980398      4.944980398  # 00250
      4.996168589      27.99616859      4.785057583      22.78505758      1.546168589      4.956168589  # 00251
      5.015115336      28.01511534       4.70265645      22.70265645      1.565115336      4.975115336  # 00252
      4.987990667      27.98799067      4.587964487      22.58796449      1.537990667      4.947990667  # 00253
      5.001453694      28.00145369      4.635159945      22.63515994      1.551453694      4.961453694  # 00254
       4.99392483      27.99392483      4.719974385      22.71997439       1.54392483       4.95392483  # 00255
      5.009461197       28.0094612      4.844925565      22.84492557      1.559461197      4.969461197  # 00256
      5.006980382      28.00698038      4.715513075      22.71551307      1.556980382      4.966980382  # 00257
      4.990189482      27.99018948      4.639175993      22.63917599      1.540189482      4.950189482  # 00258
      4.995772594      27.99577259      4.781746969      22.78174697      1.545772594      4.955772594  # 00259
        5.0032547       28.0032547      4.521824137      22.52182414        1.5532547        4.9632547  # 00260
      5.004282497       28.0042825      4.794924696       22.7949247      1.554282497      4.964282497  # 00261
      4.995665495       27.9956655      4.595623595       22.5956236      1.545665495      4.955665495  # 00262
      5.013006447      28.01300645      4.722733884      22.72273388      1.563006447      4.973006447  # 00263
      5.010155823      28.01015582      4.784257686      22.78425769      1.560155823      4.970155823  # 00264
      4.985576449      27.98557645      4.806553466      22.80655347      1.535576449      4.945576449  # 00265
      5.006385908      28.00638591       4.82230883      22.82230883      1.556385908      4.966385908  # 00266
      5.000846937      28.00084694      4.812102651      22.81210265      1.550846937      4.960846937  # 00267
      4.990873345      27.99087334       4.72778691      22.72778691      1.540873345      4.950873345  # 00268
      4.991358348      27.99135835       4.68657555      22.68657555      1.541358348      4.951358348  # 00269
      4.991641615      27.99164162      4.501074524      22.50107452      1.541641615      4.951641615  # 00270
       5.01448332      28.01448332      4.814913993      22.81491399       1.56448332       4.97448332  # 00271
      5.011726941      28.01172694      4.713053637      22.71305364      1.561726941      4.971726941  # 00272
      5.000615939      28.00061594      5.012652744      23.01265274      1.550615939      4.960615939  # 00273
      5.021198273      28.02119827       4.65885819      22.65885819      1.571198273      4.981198273  # 00274
       4.99974863      27.99974863      4.768241962      22.76824196       1.54974863       4.95974863  # 00275
      4.996231324      27.99623132      4.355083722      22.35508372      1.546231324      4.956231324  # 00276
      5.001225564      28.00122556      4.816583519      22.81658352      1.551225564      4.961225564  # 00277
      4.976876035      27.97687604      4.676106041      22.67610604      1.526876035      4.936876035  # 00278
      4.988153705      27.98815371      4.613851335      22.61385134      1.538153705      4.948153705  # 00279
       5.02018817      28.02018817       4.76675086      22.76675086       1.57018817       4.98018817  # 00280
      5.013768235      28.01376824      4.770612642      22.77061264      1.563768235      4.973768235  # 00281
      4.998731451      27.99873145      4.570216636      22.57021664      1.548731451      4.958731451  # 00282
      5.008177869      28.00817787      4.642014608      22.64201461      1.558177869      4.968177869  # 00283
      5.000323634      28.00032363      4.728503374      22.72850337      1.550323634      4.960323634  # 00284
      5.002668461      28.00266846      4.728226811      22.72822681      1.552668461      4.962668461  # 00285
      5.003069052      28.00306905      4.645140662      22.64514066      1.553069052      4.963069052  # 00286
      5.013822839      28.01382284      4.848231723      22.84823172      1.563822839      4.973822839  # 00287
      5.002990747      28.00299075      4.645101547      22.64510155      1.552990747      4.962990747  # 00288
      4.997995473      27.99799547      4.758867166      22.75886717      1.547995473      4.957995473  # 00289
      4.998727133      27.99872713      4.762237942      22.76223794      1.548727133      4.958727133  # 00290
       5.00415069      28.00415069      4.659616585      22.65961659       1.55415069       4.96415069  # 00291
      5.018683915      28.01868391      4.809687425      22.80968743      1.568683915      4.978683915  # 00292
      4.984040099       27.9840401      4.687431519      22.68743152      1.534040099      4.944040099  # 00293
       4.99992281      27.99992281      4.690931872      22.69093187       1.54992281       4.95992281  # 00294
      4.993416706      27.99341671      4.714475811      22.71447581      1.543416706      4.953416706  # 00295
      4.992023174      27.99202317      4.595549157      22.59554916      1.542023174      4.952023174  # 00296
      5.008010607      28.00801061      4.657279468      22.65727947      1.558010607      4.968010607  # 00297
      5.002464126      28.00246413      4.725521477      22.72552148      1.552464126      4.962464126  # 00298
      4.985970812      27.98597081      4.758594343      22.75859434      1.535970812      4.945970812  # 00299
      4.968392557      27.96839256      4.797294416      22.79729442      1.518392557      4.928392557  # 00300
      5.006891702       28.0068917      4.841021462      22.84102146      1.556891702      4.966891702  # 00301
      4.993626027      27.99362603      4.820346998        22.820347      1.543626027      4.953626027  # 00302
      4.998971489      27.99897149      4.786306477      22.78630648      1.548971489      4.958971489  # 00303
      4.991960149      27.99196015      4.644401728      22.64440173      1.541960149      4.951960149  # 00304
      4.997152506      27.99715251      4.605722724      22.60572272      1.547152506      4.957152506  # 00305
      5.000603247      28.00060325      4.671295324      22.67129532      1.550603247      4.960603247  # 00306
      5.007872634      28.00787263       4.68475416      22.68475416      1.557872634      4.967872634  # 00307
      5.009244144      28.00924414      4.757052643      22.75705264      1.559244144      4.969244144  # 00308
      4.985090595       27.9850906       4.53379755      22.53379755      1.535090595      4.945090595  # 00309
      4.993744427      27.99374443      4.486034056      22.48603406      1.543744427      4.953744427  # 00310
      5.000652277      28.00065228      4.997118208      22.99711821      1.550652277      4.960652277  # 00311
      4.992894602       27.9928946      4.805197903       22.8051979      1.542894602      4.952894602  # 00312
       4.97777633      27.97777633      4.792548372      22.79254837       1.52777633       4.93777633  # 00313
      5.000314309      28.00031431      4.636077683      22.63607768      1.550314309      4.960314309  # 00314
      5.009057909      28.00905791      4.669587064      22.66958706      1.559057909      4.969057909  # 00315
      4.999150323      27.99915032      4.509953636      22.50995364      1.549150323      4.959150323  # 00316
      4.980807698       27.9808077      4.692967921      22.69296792      1.530807698      4.940807698  # 00317
      4.995521535      27.99552153      4.747704456      22.74770446      1.545521535      4.955521535  # 00318
      4.995410646      27.99541065      4.724682131      22.72468213      1.545410646      4.955410646  # 00319
      4.996063984      27.99606398      4.582876679      22.58287668      1.546063984      4.956063984  # 00320
      5.007740943      28.00774094      4.640547965      22.64054796      1.557740943      4.967740943  # 00321
       5.00673987      28.00673987      4.536040782      22.53604078       1.55673987       4.96673987  # 00322
      4.995216471      27.99521647      4.570380209      22.57038021      1.545216471      4.955216471  # 00323
      5.012779013      28.01277901      4.854443415      22.85444342      1.562779013      4.972779013  # 00324
      5.004986251      28.00498625      4.539572744      22.53957274      1.554986251      4.964986251  # 00325
      5.004368869      28.00436887      4.739943022      22.73994302      1.554368869      4.964368869  # 00326
      5.001792027      28.00179203      4.516056307      22.51605631      1.551792027      4.961792027  # 00327
       5.00134415      28.00134415      4.706896953      22.70689695       1.55134415       4.96134415  # 00328
      5.023243323      28.02324332      4.784266443      22.78426644      1.573243323      4.983243323  # 00329
      4.997002556      27.99700256      4.727074936      22.72707494      1.547002556      4.957002556  # 00330
      4.984131011      27.98413101      4.673123592      22.67312359      1.534131011      4.944131011  # 00331
      5.006861677      28.00686168      4.556919585      22.55691959      1.556861677      4.966861677  # 00332
       5.00353359      28.00353359      4.766853192      22.76685319       1.55353359       4.96353359  # 00333
       5.02197934      28.02197934      4.596772549      22.59677255       1.57197934       4.98197934  # 00334
      5.020473748      28.02047375      4.576509016      22.57650902      1.570473748      4.980473748  # 00335
       4.99135928      27.99135928      4.808451494      22.80845149       1.54135928       4.95135928  # 00336
      5.013668982      28.01366898      4.930148841      22.93014884      1.563668982      4.973668982  # 00337
      5.000991085      28.00099109      4.581711527      22.58171153      1.550991085      4.960991085  # 00338
      5.003808387      28.00380839      4.630430111      22.63043011      1.553808387      4.963808387  # 00339
       5.01523358      28.01523358      4.739158802       22.7391588       1.56523358       4.97523358  # 00340
      4.990371386      27.99037139      4.627132507      22.62713251      1.540371386      4.950371386  # 00341
      5.000518007      28.00051801      4.811013962      22.81101396      1.550518007      4.960518007  # 00342
      5.002372642      28.00237264      4.644141585      22.64414158      1.552372642      4.962372642  # 00343
      5.003641484      28.00364148      4.477362572      22.47736257      1.553641484      4.963641484  # 00344
      5.004235045      28.00423505       4.48201062      22.48201062      1.554235045      4.964235045  # 00345
      5.014898081      28.01489808      4.593477849      22.59347785      1.564898081      4.974898081  # 00346
       5.00120133      28.00120133      4.618899417      22.61889942       1.55120133       4.96120133  # 00347
      5.009997251      28.00999725      4.817071646      22.81707165      1.559997251      4.969997251  # 00348
      4.990826593      27.99082659      4.545968416      22.54596842      1.540826593      4.950826593  # 00349
      5.014113435      28.01411344      4.702385685      22.70238569      1.564113435      4.974113435  # 00350
      5.007258319      28.00725832      4.664334195       22.6643342      1.557258319      4.967258319  # 00351
      4.999588732      27.99958873      4.820236322      22.82023632      1.549588732      4.959588732  # 00352
      5.002409651      28.00240965      4.676289263      22.67628926      1.552409651      4.962409651  # 00353
       5.00130489      28.00130489       4.76759426      22.76759426       1.55130489       4.96130489  # 00354
      5.008133193      28.00813319      4.748182979      22.74818298      1.558133193      4.968133193  # 00355
       5.00333514      28.00333514      4.714380819      22.71438082       1.55333514       4.96333514  # 00356
      4.988816656      27.98881666       4.90285422      22.90285422      1.538816656      4.948816656  # 00357
      5.008274014      28.00827401      4.686260604       22.6862606      1.558274014      4.968274014  # 00358
      5.001595141      28.00159514      4.831600968      22.83160097      1.551595141      4.961595141  # 00359
      5.010673247      28.01067325      4.678303163      22.67830316      1.560673247      4.970673247  # 00360
      5.006715433      28.00671543      4.685908874      22.68590887      1.556715433      4.966715433  # 00361
      4.994284008      27.99428401      4.718836032      22.71883603      1.544284008      4.954284008  # 00362
      4.984395406      27.98439541      4.597936612      22.59793661      1.534395406      4.944395406  # 00363
      4.998684111      27.99868411      4.612065807      22.61206581      1.548684111      4.958684111  # 00364
      5.003016006      28.00301601      4.507918672      22.50791867      1.553016006      4.963016006  # 00365
      4.980740212      27.98074021      4.526996129      22.52699613      1.530740212      4.940740212  # 00366
      5.007393231      28.00739323       4.54666452      22.54666452      1.557393231      4.967393231  # 00367
      5.007315919      28.00731592      4.510607084      22.51060708      1.557315919      4.967315919  # 00368
      4.988955038      27.98895504      4.595689105      22.59568911      1.538955038      4.948955038  # 00369
      5.010234941      28.01023494      4.621404007      22.62140401      1.560234941      4.970234941  # 00370
      4.999633448      27.99963345      4.838391179      22.83839118      1.549633448      4.959633448  # 00371
       4.99018141      27.99018141      4.674451729      22.67445173       1.54018141       4.95018141  # 00372
      4.986404884      27.98640488      4.595126588      22.59512659      1.536404884      4.946404884  # 00373
      5.009406372      28.00940637      4.683134478      22.68313448      1.559406372      4.969406372  # 00374
       5.01243841      28.01243841      4.726144827      22.72614483       1.56243841       4.97243841  # 00375
      5.000465696       28.0004657       4.53699956      22.53699956      1.550465696      4.960465696  # 00376
      4.988140207      27.98814021      4.818640492      22.81864049      1.538140207      4.948140207  # 00377
      4.994382292      27.99438229      4.599023122      22.59902312      1.544382292      4.954382292  # 00378
      5.001165694      28.00116569       4.67848076      22.67848076      1.551165694      4.961165694  # 00379
      4.996276433      27.99627643      4.910463588      22.91046359      1.546276433      4.956276433  # 00380
      5.002207998        28.002208       4.64576779      22.64576779      1.552207998      4.962207998  # 00381
      4.995401948      27.99540195       4.62531615      22.62531615      1.545401948      4.955401948  # 00382
      4.998194977      27.99819498      4.700587909      22.70058791      1.548194977      4.958194977  # 00383
      4.993517784      27.99351778      4.806963699       22.8069637      1.543517784      4.953517784  # 00384
      4.991434959      27.99143496      4.604153684      22.60415368      1.541434959      4.951434959  # 00385
      5.002785043      28.00278504      4.504771195      22.50477119      1.552785043      4.962785043  # 00386
      4.991510565      27.99151056      4.791157917      22.79115792      1.541510565      4.951510565  # 00387
      5.005577062      28.00557706        4.6404355       22.6404355      1.555577062      4.965577062  # 00388
      4.995781786      27.99578179      4.745135548      22.74513555      1.545781786      4.955781786  # 00389
      4.997480787      27.99748079      4.722251848      22.72225185      1.547480787      4.957480787  # 00390
      4.991655901       27.9916559      4.523106483      22.52310648      1.541655901      4.951655901  # 00391
      5.004788226      28.00478823      4.769993542      22.76999354      1.554788226      4.964788226  # 00392
      4.992379825      27.99237982      4.784524578      22.78452458      1.542379825      4.952379825  # 00393
      4.988821726      27.98882173      4.539087905      22.53908791      1.538821726      4.948821726  # 00394
      4.999262396       27.9992624      4.676610409      22.67661041      1.549262396      4.959262396  # 00395
      4.991245097       27.9912451      4.718795706      22.71879571      1.541245097      4.951245097  # 00396
      5.015291665      28.01529167      4.658969872      22.65896987      1.565291665      4.975291665  # 00397
      4.986779463      27.98677946      4.708153305       22.7081533      1.536779463      4.946779463  # 00398
      5.003135278      28.00313528      4.747743248      22.74774325      1.553135278      4.963135278  # 00399
       5.00742893      28.00742893      4.865747763      22.86574776       1.55742893       4.96742893  # 00400
      4.998027401       27.9980274      4.726494345      22.72649434      1.548027401      4.958027401  # 00401
      4.988792315      27.98879231      4.491172384      22.49117238      1.538792315      4.948792315  # 00402
      5.002184086      28.00218409      4.622793882      22.62279388      1.552184086      4.962184086  # 00403
      5.017103609      28.01710361      4.620451481      22.62045148      1.567103609      4.977103609  # 00404
      5.010258142      28.01025814      4.625290875      22.62529088      1.560258142      4.970258142  # 00405
      4.985054208      27.98505421      4.807687275      22.80768727      1.535054208      4.945054208  # 00406
       5.00070505      28.00070505      4.731480638      22.73148064       1.55070505       4.96070505  # 00407
      4.999295567      27.99929557      4.720243696       22.7202437      1.549295567      4.959295567  # 00408
      4.993106203       27.9931062      4.623130437      22.62313044      1.543106203      4.953106203  # 00409
      4.996161641      27.99616164       4.84835802      22.84835802      1.546161641      4.956161641  # 00410
      5.013775214      28.01377521      4.653947322      22.65394732      1.563775214      4.973775214  # 00411
      4.995740743      27.99574074      4.519985203       22.5199852      1.545740743      4.955740743  # 00412
      4.979580675      27.97958068      4.669236385      22.66923638      1.529580675      4.939580675  # 00413
      5.012209391      28.01220939      4.665500901       22.6655009      1.562209391      4.972209391  # 00414
      4.985280583      27.98528058      4.604100841      22.60410084      1.535280583      4.945280583  # 00415
      5.005864159      28.00586416      4.681405255      22.68140526      1.555864159      4.965864159  # 00416
        4.9749372       27.9749372      4.649728758      22.64972876        1.5249372        4.9349372  # 00417
      5.022287024      28.02228702      4.552614477      22.55261448      1.572287024      4.982287024  # 00418
      4.995905255      27.99590525      4.800736293      22.80073629      1.545905255      4.955905255  # 00419
      4.992133589      27.99213359      4.721337907      22.72133791      1.542133589      4.952133589  # 00420
      4.998012665      27.99801266      4.725121846      22.72512185      1.548012665      4.958012665  # 00421
      5.011961122      28.01196112      4.663204868      22.66320487      1.561961122      4.971961122  # 00422
      4.994503123      27.99450312      4.566155369      22.56615537      1.544503123      4.954503123  # 00423
       4.99185088      27.99185088      4.498724863      22.49872486       1.54185088       4.95185088  # 00424
      5.010825807      28.01082581      4.661448798       22.6614488      1.560825807      4.970825807  # 00425
      5.019680017      28.01968002      4.764354807      22.76435481      1.569680017      4.979680017  # 00426
      5.008078779      28.00807878      4.713819517      22.71381952      1.558078779      4.968078779  # 00427
      4.993398236      27.99339824      4.685585421      22.68558542      1.543398236      4.953398236  # 00428
      4.997234257      27.99723426       4.72090265      22.72090265      1.547234257      4.957234257  # 00429
      5.007598227      28.00759823      4.678248586      22.67824859      1.557598227      4.967598227  # 00430
      4.997859019      27.99785902      4.786365794      22.78636579      1.547859019      4.957859019  # 00431
       5.01210282      28.01210282      4.556409031      22.55640903       1.56210282       4.97210282  # 00432
      5.010946296       28.0109463      4.691596415      22.69159641      1.560946296      4.970946296  # 00433
      5.021731449      28.02173145      4.599502102       22.5995021      1.571731449      4.981731449  # 00434
      5.011249446      28.01124945      4.642722519      22.64272252      1.561249446      4.971249446  # 00435
      4.979047959      27.97904796      4.737234302       22.7372343      1.529047959      4.939047959  # 00436
      5.001977992      28.00197799      4.755544213      22.75554421      1.551977992      4.961977992  # 00437
      5.004114848      28.00411485      4.678860204       22.6788602      1.554114848      4.964114848  # 00438
      4.994145294      27.99414529      4.809264258      22.80926426      1.544145294      4.954145294  # 00439
      5.010113387      28.01011339      4.769504459      22.76950446      1.560113387      4.970113387  # 00440
      4.984727576      27.98472758      4.590065811      22.59006581      1.534727576      4.944727576  # 00441
      4.994436245      27.99443625      4.687100356      22.68710036      1.544436245      4.954436245  # 00442
      5.013493671      28.01349367      4.793467617      22.79346762      1.563493671      4.973493671  # 00443
      5.005479336      28.00547934      4.536769006      22.53676901      1.555479336      4.965479336  # 00444
      4.987354417      27.98735442      4.818086293      22.81808629      1.537354417      4.947354417  # 00445
      4.993842204       27.9938422      4.626178855      22.62617886      1.543842204      4.953842204  # 00446
      4.991566251      27.99156625      4.592535201       22.5925352      1.541566251      4.951566251  # 00447
      5.008256519      28.00825652      4.729313041      22.72931304      1.558256519      4.968256519  # 00448
      4.992568556      27.99256856      4.677461718      22.67746172      1.542568556      4.952568556  # 00449
      5.008734689      28.00873469      4.623426139      22.62342614      1.558734689      4.968734689  # 00450
      4.995327475      27.99532747      4.565348113      22.56534811      1.545327475      4.955327475  # 00451
      4.996842552      27.99684255      4.734855868      22.73485587      1.546842552      4.956842552  # 00452
      5.005130189      28.00513019       4.65859983      22.65859983      1.555130189      4.965130189  # 00453
      4.997128067      27.99712807      4.696047613      22.69604761      1.547128067      4.957128067  # 00454
       4.99306985      27.99306985      4.750924067      22.75092407       1.54306985       4.95306985  # 00455
       4.99382426      27.99382426      4.709501738      22.70950174       1.54382426       4.95382426  # 00456
      5.002117797       28.0021178      4.723173918      22.72317392      1.552117797      4.962117797  # 00457
      4.993602977      27.99360298      4.547107626      22.54710763      1.543602977      4.953602977  # 00458
      4.999781941      27.99978194      4.472328299       22.4723283      1.549781941      4.959781941  # 00459
      5.014137815      28.01413782      4.789311321      22.78931132      1.564137815      4.974137815  # 00460
      5.011684061      28.01168406      4.798489696       22.7984897      1.561684061      4.971684061  # 00461
      5.006268742      28.00626874      4.690768639      22.69076864      1.556268742      4.966268742  # 00462
      5.007436786      28.00743679      4.767969999         22.76797      1.557436786      4.967436786  # 00463
        5.0045534       28.0045534      4.813382605       22.8133826        1.5545534        4.9645534  # 00464
       5.00237256      28.00237256      4.735470964      22.73547096       1.55237256       4.96237256  # 00465
      5.001545594      28.00154559       4.77471175      22.77471175      1.551545594      4.961545594  # 00466
      4.992525652      27.99252565      4.724316858      22.72431686      1.542525652      4.952525652  # 00467
      4.997441081      27.99744108      4.590292721      22.59029272      1.547441081      4.957441081  # 00468
      4.999424383      27.99942438      4.668964046      22.66896405      1.549424383      4.959424383  # 00469
      5.020092613      28.02009261      4.731424469      22.73142447      1.570092613      4.980092613  # 00470
      4.992398809      27.99239881      4.784789679      22.78478968      1.542398809      4.952398809  # 00471
      4.996921258      27.99692126      4.519864175      22.51986417      1.546921258      4.956921258  # 00472
      4.996887166      27.99688717      4.547855668      22.54785567      1.546887166      4.956887166  # 00473
      5.011767139      28.01176714      4.696705319      22.69670532      1.561767139      4.971767139  # 00474
      4.987976904       27.9879769      4.693360649      22.69336065      1.537976904      4.947976904  # 00475
      4.995709749      27.99570975      4.771467452      22.77146745      1.545709749      4.955709749  # 00476
      4.991365668      27.99136567      4.580846095      22.58084609      1.541365668      4.951365668  # 00477
      4.992675765      27.99267577      4.795470246      22.79547025      1.542675765      4.952675765  # 00478
      5.003693428      28.00369343      4.504827378      22.50482738      1.553693428      4.963693428  # 00479
      5.003324134      28.00332413      4.734999875      22.73499987      1.553324134      4.963324134  # 00480
      5.012321574      28.01232157      4.645186868      22.64518687      1.562321574      4.972321574  # 00481
      4.985969544      27.98596954      4.733646645      22.73364664      1.535969544      4.945969544  # 00482
      5.007026661      28.00702666      4.491624671      22.49162467      1.557026661      4.967026661  # 00483
      4.999150538      27.99915054      4.800009025      22.80000903      1.549150538      4.959150538  # 00484
      4.991897891      27.99189789      4.734539543      22.73453954      1.541897891      4.951897891  # 00485
      5.007538917      28.00753892      4.719205665      22.71920566      1.557538917      4.967538917  # 00486
      4.993473634      27.99347363      4.700382451      22.70038245      1.543473634      4.953473634  # 00487
      5.005058796       28.0050588      4.656177831      22.65617783      1.555058796      4.965058796  # 00488
        4.9984722       27.9984722      4.657889394      22.65788939        1.5484722        4.9584722  # 00489
      4.992504382      27.99250438      4.488602194      22.48860219      1.542504382      4.952504382  # 00490
       4.99048239      27.99048239      4.629581658      22.62958166       1.54048239       4.95048239  # 00491
      5.014096071      28.01409607      4.662257316      22.66225732      1.564096071      4.974096071  # 00492
      4.974947195       27.9749472      4.555641548      22.55564155      1.524947195      4.934947195  # 00493
       5.02730564      28.02730564      4.683729338      22.68372934       1.57730564       4.98730564  # 00494
      4.997072504       27.9970725      4.836027933      22.83602793      1.547072504      4.957072504  # 00495
      5.006675792      28.00667579      4.561305802       22.5613058      1.556675792      4.966675792  # 00496
      5.027958945      28.02795894      4.660740241      22.66074024      1.577958945      4.987958945  # 00497
      5.006570633      28.00657063      4.530484481      22.53048448      1.556570633      4.966570633  # 00498
      5.007591501       28.0075915      4.756152352      22.75615235      1.557591501      4.967591501  # 00499
